# List of Vertices:
v 9.3684211 5.5 3.2
v 7.0 9.5 0.2
v 1.0 3.5 3.2
v 6.5 6.5 3.2
v 9.5 10.0 3.2
v 2.5 8.0 2.2
v 17.5 0.0 0.2
v 15.0526316 0.0 3.2
v 6.5 9.5 3.2
v 7.0 8.5 2.2
v 9.3684211 2.5 2.2
v 9.3684211 4.0 0.2
v 18.5 15.0 3.2
v 7.9473684 9.5 3.2
v 2.5 4.5 1.2
v 7.0 15.0 0.2
v 8.0 9.5 2.2
v 8.8947368 4.0 3.2
v 3.0 5.5 2.2
v 8.4210526 8.5 0.2
v 7.0 10.0 3.2
v 1.0 2.5 0.2
v 2.5 7.0 0.2
v 9.3684211 4.0 3.2
v 6.5 6.5 0.2
v 3.0 5.5 1.2
v 11.0 9.5 2.2
v 9.0 10.0 0.2
v 3.0 11.0 3.2
v 2.5 4.5 3.2
v 2.5 8.0 0.2
v 16.0 9.5 3.2
v 7.0 4.0 0.2
v 3.0 5.5 0.2
v 9.3684211 9.5 0.2
v 16.0 9.5 0.2
v 8.8947368 2.5 2.2
v 0.0 0.0 3.2
v 6.5 10.0 0.2
v 1.0 15.0 3.2
v 18.5 9.5 0.2
v 2.5 0.0 0.2
v 2.5 2.5 0.2
v 7.0 6.0 3.2
v 9.0 10.0 3.2
v 8.0 9.5 3.2
v 1.0 0.0 0.2
v 1.0 3.5 1.2
v 6.5 14.0 0.2
v 6.5 5.5 3.2
v 2.5 7.0 3.2
v 6.5 9.5 2.2
v 2.5 14.0 0.2
v 7.0 6.0 0.2
v 1.0 2.5 1.2
v 6.5 2.5 3.2
v 18.5 0.0 3.4
v 8.8947368 4.0 0.2
v 0.0 2.5 3.2
v 6.5 5.5 0.2
v 7.0 4.5 0.2
v 8.4210526 9.5 0.2
v 8.4210526 5.5 3.2
v 1.0 3.5 0.2
v 15.0526316 4.5 0.2
v 7.0 5.5 2.2
v 8.4210526 4.5 3.2
v 8.4210526 5.5 0.2
v 8.0 10.0 3.2
v 0.0 15.0 1.2
v 6.5 9.5 0.2
v 15.0526316 8.5 2.2
v 15.0526316 0.0 0.2
v 16.0 10.5 1.2
v 3.0 8.0 3.2
v 15.0526316 2.0 3.2
v 3.0 11.0 2.2
v 6.5 15.0 3.2
v 6.5 10.0 2.2
v 9.5 10.5 2.2
v 1.0 2.5 3.2
v 7.0 0.0 3.2
v 6.5 0.0 3.2
v 15.0526316 4.0 3.2
v 15.0526316 4.0 0.2
v 2.5 3.5 1.2
v 3.0 4.5 2.2
v 16.0 1.0 1.2
v 15.0526316 6.0 3.2
v 15.0526316 4.5 3.2
v 15.0526316 2.0 2.2
v 3.0 11.0 0.2
v 2.5 15.0 1.2
v 9.5 15.0 3.2
v 2.5 11.0 3.2
v 8.8947368 2.5 3.2
v 3.0 15.0 3.2
v 8.4210526 4.5 0.2
v 2.5 13.0 3.2
v 3.0 6.5 0.2
v 1.0 15.0 1.2
v 9.3684211 9.5 3.2
v 18.5 9.5 1.2
v 2.5 2.5 1.2
v 9.5 10.5 3.2
v 7.0 13.0 3.2
v 18.5 0.0 1.2
v 6.5 11.0 0.2
v 15.0526316 6.0 0.2
v 8.4210526 6.0 3.2
v 6.5 10.0 3.2
v 7.0 5.5 0.2
v 2.5 13.0 2.2
v 18.5 9.5 3.2
v 2.5 2.5 3.2
v 1.0 0.0 3.2
v 15.0526316 4.0 2.2
v 9.3684211 3.5 2.2
v 7.0 4.5 2.2
v 11.0 10.5 2.2
v 3.0 15.0 0.2
v 2.5 14.0 1.2
v 3.0 6.5 3.2
v 15.0526316 1.0 0.2
v 6.5 4.5 0.2
v 8.0 10.0 0.2
v 10.3157895 4.5 2.2
v 9.3684211 6.0 0.2
v 6.5 11.0 3.2
v 0.0 15.0 3.2
v 15.0526316 8.5 0.2
v 1.0 15.0 0.2
v 15.0526316 8.5 3.2
v 3.0 3.5 0.2
v 2.5 15.0 0.2
v 2.5 3.5 0.2
v 6.5 4.5 2.2
v 10.3157895 4.5 0.2
v 2.5 14.0 3.2
v 7.0 1.0 0.2
v 3.0 9.5 3.2
v 6.5 3.5 3.2
v 3.0 13.0 3.2
v 2.5 3.5 3.2
v 16.0 1.0 3.2
v 16.0 10.5 3.2
v 18.5 15.0 3.4
v 9.3684211 4.5 0.2
v 7.9473684 9.5 0.2
v 11.0 9.5 0.2
v 3.0 8.0 2.2
v 8.0 10.0 2.2
v 7.0 1.0 3.2
v 16.0 10.5 0.2
v 3.0 3.5 3.2
v 7.0 8.5 0.2
v 9.3684211 8.5 3.2
v 2.5 15.0 3.2
v 16.0 8.5 0.2
v 10.3157895 4.5 3.2
v 9.0 9.5 3.2
v 9.0 15.0 3.2
v 6.5 11.0 2.2
v 9.3684211 4.5 3.2
v 9.0 13.0 3.2
v 3.0 8.0 0.2
v 15.0526316 2.0 0.2
v 3.0 4.5 0.2
v 7.0 0.0 0.2
v 10.3157895 4.0 3.2
v 2.5 13.0 0.2
v 18.5 0.0 3.2
v 18.5 10.5 1.2
v 9.3684211 3.5 0.2
v 9.3684211 3.5 3.2
v 9.0 9.5 0.2
v 9.5 13.0 0.2
v 7.9473684 5.5 3.2
v 3.0 7.0 0.2
v 17.5 9.5 3.2
v 3.0 4.5 1.2
v 7.9473684 6.0 3.2
v 18.5 10.5 3.2
v 18.5 1.0 1.2
v 2.5 7.0 2.2
v 16.0 6.5 0.2
v 11.0 10.5 0.2
v 3.0 10.0 0.2
v 16.0 2.0 3.2
v 6.5 3.5 0.2
v 9.3684211 2.5 3.2
v 7.0 4.5 3.2
v 2.5 11.0 0.2
v 6.5 5.5 2.2
v 17.5 1.0 0.2
v 9.5 9.5 0.2
v 15.0526316 1.0 3.2
v 11.0 10.5 3.2
v 3.0 14.0 0.2
v 7.0 13.0 0.2
v 9.5 13.0 3.2
v 7.0 8.5 3.2
v 3.0 13.0 2.2
v 0.0 14.0 1.2
v 9.5 9.5 2.2
v 7.9473684 4.5 3.2
v 15.0526316 6.5 2.2
v 2.5 11.0 2.2
v 8.4210526 9.5 3.2
v 6.5 8.5 0.2
v 16.0 8.5 2.2
v 0.0 3.5 0.2
v 16.0 2.0 0.2
v 6.5 4.5 3.2
v 9.0 13.0 0.2
v 11.0 9.5 3.2
v 3.0 2.5 0.2
v 2.5 5.5 3.2
v 16.0 2.0 2.2
v 16.0 8.5 3.2
v 9.3684211 1.0 3.2
v 16.0 4.0 3.2
v 3.0 13.0 0.2
v 16.0 1.0 0.2
v 16.0 0.0 1.2
v 0.0 0.0 3.4
v 8.8947368 3.5 3.2
v 10.3157895 4.0 2.2
v 8.8947368 2.5 0.2
v 3.0 7.0 2.2
v 3.0 0.0 3.2
v 9.3684211 6.0 3.2
v 17.5 9.5 1.2
v 7.9473684 8.5 3.2
v 16.0 9.5 1.2
v 8.4210526 6.0 0.2
v 3.0 4.5 3.2
v 9.3684211 8.5 0.2
v 16.0 6.5 2.2
v 9.3684211 4.5 2.2
v 3.0 9.5 0.2
v 9.3684211 5.5 0.2
v 2.5 5.5 0.2
v 18.5 1.0 0.2
v 3.0 14.0 3.2
v 9.0 15.0 0.2
v 8.8947368 1.0 0.2
v 0.0 2.5 1.2
v 9.5 10.0 0.2
v 1.0 14.0 0.2
v 17.5 0.0 3.2
v 17.5 1.0 3.2
v 9.3684211 1.0 0.2
v 0.0 3.5 1.2
v 8.8947368 3.5 0.2
v 8.4210526 8.5 3.2
v 7.9473684 8.5 0.2
v 18.5 1.0 3.2
v 10.3157895 4.0 0.2
v 6.5 8.5 2.2
v 15.0526316 9.5 3.2
v 8.8947368 3.5 2.2
v 15.0526316 5.5 3.2
v 15.0526316 6.5 3.2
v 3.0 6.0 0.2
v 15.0526316 9.5 0.2
v 17.5 1.0 1.2
v 2.5 4.5 0.2
v 3.0 7.0 3.2
v 17.5 9.5 0.2
v 16.0 6.5 3.2
v 1.0 14.0 3.2
v 8.8947368 1.0 3.2
v 9.3684211 4.0 2.2
v 7.0 10.0 0.2
v 3.0 10.0 3.2
v 0.0 14.0 3.2
v 7.0 4.0 3.2
v 7.0 11.0 3.2
v 7.0 9.5 3.2
v 0.0 3.5 3.2
v 15.0526316 6.5 0.2
v 15.0526316 5.5 0.2
v 9.5 9.5 3.2
v 0.0 14.0 0.2
v 16.0 0.0 3.2
v 3.0 6.0 3.2
v 2.5 8.0 3.2
v 8.0 9.5 0.2
v 7.0 11.0 0.2
v 16.0 4.0 2.2
v 2.5 0.0 3.2
v 6.5 6.0 0.2
v 6.5 8.5 3.2
v 3.0 5.5 3.2
v 6.5 14.0 3.2
v 7.9473684 5.5 0.2
v 3.0 0.0 0.2
v 16.0 0.0 0.2
v 2.5 5.5 2.2
v 17.5 0.0 1.2
v 7.0 5.5 3.2
v 9.3684211 2.5 0.2
v 7.9473684 6.0 0.2
v 7.9473684 4.5 0.2
v 7.0 11.0 2.2
v 2.5 5.5 1.2
v 16.0 4.0 0.2
v 7.0 15.0 3.2
v 2.5 4.5 2.2
v 6.5 6.0 3.2
v 0.0 15.0 3.4
v 7.0 9.5 2.2
v 1.0 14.0 1.2
v 7.0 10.0 2.2
v 3.0 2.5 3.2
v 0.0 0.0 0.2
v 18.5 0.0 0.0
v 6.5 2.5 0.2
v 9.5 10.5 0.2
v 0.0 15.0 0.2
v 6.5 0.0 0.2
v 9.5 15.0 0.2
v 18.5 0.0 0.2
v 18.5 15.0 0.0
v 18.5 10.5 0.2
v 0.0 2.5 0.2
v 0.0 0.0 0.0
v 18.5 15.0 0.2
v 6.5 15.0 0.2
v 0.0 15.0 0.0
v 6.5 2.5 0.0
v 6.5 15.0 0.0
v 9.5 2.5 0.2
v 18.5 2.5 0.2
v 9.5 0.0 0.2
v 0.0 10.5 0.2
v 0.0 2.5 0.0
v 9.5 10.5 0.0
v 9.5 15.0 0.0
v 6.5 0.0 0.0
v 6.5 10.5 0.0
v 6.5 10.5 0.2
v 9.5 0.0 0.0
v 0.0 10.5 0.0
v 9.5 2.5 0.0
v 18.5 10.5 0.0
v 18.5 2.5 0.0
v 8.89473685 5.5 1.7
v 8.89473685 5.75 3.2
v 9.3684211 5.75 1.7
v 6.75 9.5 1.2
v 7.0 9.75 1.2
v 4.75 6.5 1.7
v 4.75 6.25 3.2
v 9.25 9.75 3.2
v 9.25 11.5 3.2
v 2.75 8.0 1.2
v 2.75 7.5 2.2
v 18.0 0.0 0.7
v 16.75 0.0 0.7
v 11.0263158 0.0 1.7
v 15.5263158 0.0 1.7
v 15.43157896 1.0 3.2
v 10.39473685 0.666666666667 3.2
v 6.75 9.75 3.2
v 5.1 9.5 1.8
v 6.5 9.0 2.7
v 4.75 9.75 3.2
v 6.75 9.0 3.2
v 6.75 9.0 2.2
v 6.75 8.5 1.2
v 9.13157895 3.0 2.2
v 9.13157895 2.5 1.2
v 9.3684211 3.0 2.7
v 9.3684211 1.9 1.8
v 9.3684211 3.75 1.86666666667
v 9.3684211 4.25 1.2
v 7.58947368 9.7 3.2
v 2.75 5.0 1.2
v 2.75 4.5 1.7
v 6.75 15.0 1.7
v 8.0 15.0 1.7
v 8.0 9.75 1.2
v 7.5 9.75 2.2
v 9.13157895 3.75 3.2
v 8.8947368 3.7 1.8
v 2.75 5.5 1.7
v 2.75 5.0 2.2
v 8.4210526 7.25 1.7
v 8.1842105 8.5 1.7
v 6.75 10.5 3.2
v 1.75 2.5 0.7
v 0.5 2.5 0.7
v 2.75 7.0 1.2
v 8.18421053333 4.33333333333 3.2
v 9.8421053 4.25 3.2
v 9.8421053 4.0 2.7
v 10.25 10.0 2.2
v 11.0 10.0 1.2
v 8.4 10.0 1.8
v 9.0 11.5 1.7
v 2.75 9.5 3.2
v 2.75 12.0 3.2
v 2.8 3.5 3.2
v 2.75 5.0 3.2
v 16.0 8.9 1.8
v 16.0 10.0 2.2
v 15.5263158 9.0 3.2
v 13.81052632 9.9 3.2
v 7.0 2.5 1.7
v 8.8947368 3.0 2.7
v 8.8947368 1.9 1.8
v 5.1 10.0 1.8
v 6.75 10.0 1.2
v 18.5 10.0 0.7
v 18.5 5.25 0.7
v 2.75 2.5 1.7
v 6.8 6.8 3.2
v 7.0 5.75 1.7
v 7.0 7.25 1.7
v 8.5 9.75 3.2
v 1.75 3.0 1.2
v 0.5 3.0 1.2
v 1.75 3.5 0.7
v 1.0 8.75 0.7
v 0.5 8.75 1.2
v 4.75 14.0 1.7
v 6.75 5.0 3.2
v 2.75 7.5 3.2
v 2.75 6.25 3.2
v 1.75 14.0 0.7
v 4.75 3.0 3.2
v 4.75 2.5 1.7
v 6.75 5.5 1.2
v 6.75 4.5 1.2
v 7.4736842 4.5 1.7
v 8.1842105 5.5 1.7
v 8.1842105 5.75 3.2
v 15.0526316 5.0 1.7
v 6.75 5.0 2.2
v 8.89473685 4.5 1.7
v 8.1842105 4.5 1.7
v 0.5 15.0 0.7
v 0.5 14.5 1.2
v 0.0 14.5 0.7
v 15.5263158 8.5 1.2
v 15.5263158 7.5 2.2
v 17.3 9.9 1.2
v 13.5 10.5 1.7
v 17.25 10.5 0.7
v 15.5263158 3.0 3.2
v 2.75 11.0 1.2
v 2.75 12.0 2.2
v 4.75 15.0 1.7
v 4.75 14.5 3.2
v 6.8 13.0 3.2
v 6.5 10.5 2.7
v 6.75 10.5 2.2
v 10.25 10.5 2.7
v 6.83333333333 2.33333333333 3.2
v 6.75 0.0 1.7
v 12.21052634 4.0 1.8
v 15.3233082857 5.28571428571 3.2
v 12.68421055 4.25 3.2
v 15.5263158 4.0 1.2
v 16.75 1.0 0.7
v 16.75 0.5 1.2
v 15.0526316 5.75 1.7
v 15.5263158 3.0 2.2
v 15.5263158 2.0 1.2
v 1.75 14.5 1.2
v 1.75 15.0 0.7
v 9.25 14.0 3.2
v 9.25 15.0 1.7
v 9.13157895 3.0 3.2
v 9.13157895 1.75 3.2
v 2.8 14.0 3.2
v 2.75 15.0 1.7
v 18.0 5.25 1.2
v 10.25 10.0 3.2
v 8.0 14.0 3.2
v 8.0 13.0 1.7
v 18.5 0.5 0.7
v 18.0 0.5 1.2
v 6.75 11.0 1.2
v 8.89473685 6.0 1.7
v 8.1842105 7.25 3.2
v 2.75 13.0 1.2
v 9.13157895 3.5 1.2
v 12.21052635 1.0 1.7
v 10.3157895 4.25 1.2
v 9.8421053 4.25 2.2
v 15.0526316 9.0 1.7
v 15.5263158 7.5 3.2
v 4.75 3.5 1.7
v 7.9473684 1.0 1.7
v 7.9473684 5.75 1.7
v 7.9473684 7.25 1.7
v 15.5263158 6.5 1.2
v 16.0 5.25 1.86666666667
v 16.0 3.0 2.7
v 17.5 5.25 0.7
v 0.0 8.75 0.7
v 16.0 7.5 2.7
v 0.0 3.0 0.7
v 4.75 6.0 1.7
v 18.5 1.25 0.1
v 14.0 0.0 0.1
v 14.0 1.25 0.0
v 6.5 1.25 0.1
v 3.25 2.5 0.1
v 9.5 12.75 0.1
v 14.0 10.5 0.1
v 3.25 15.0 0.1
v 0.0 12.75 0.1
v 8.0 0.0 0.1
v 8.0 15.0 0.1
v 18.5 6.5 0.1
v 0.0 6.5 0.1
v 3.25 12.75 0.0
v 3.25 6.5 0.0
v 8.0 6.5 0.0
v 8.0 1.25 0.0
v 8.0 12.75 0.0
v 14.0 6.5 0.0
# Face Definitions:
f 349 1 63
f 349 63 68
f 349 68 242
f 349 242 1
f 350 1 63
f 350 63 110
f 350 110 232
f 350 232 1
f 351 128 242
f 351 242 1
f 351 1 232
f 351 232 128
f 352 313 2
f 352 2 71
f 352 71 52
f 352 52 313
f 353 275 2
f 353 2 313
f 353 313 315
f 353 315 275
f 354 4 25
f 354 25 100
f 354 100 123
f 354 123 4
f 355 4 123
f 355 123 287
f 355 287 311
f 355 311 4
f 356 5 45
f 356 45 161
f 356 161 284
f 356 284 5
f 357 5 45
f 357 45 165
f 357 165 201
f 357 201 5
f 358 31 6
f 358 6 151
f 358 151 166
f 358 166 31
f 359 151 6
f 359 6 185
f 359 185 230
f 359 230 151
f 360 324 7
f 360 7 301
f 360 301 107
f 360 107 324
f 361 301 7
f 361 7 299
f 361 299 225
f 361 225 301
f 362 169 73
f 362 73 8
f 362 8 82
f 362 82 169
f 363 299 73
f 363 73 8
f 363 8 286
f 363 286 299
f 364 76 197
f 364 197 8
f 364 8 286
f 364 286 189
f 364 189 76
f 365 273 221
f 365 221 197
f 365 197 8
f 365 8 82
f 365 82 153
f 365 153 273
f 366 280 9
f 366 9 111
f 366 111 21
f 366 21 280
f 367 241 141
f 367 141 9
f 367 9 52
f 367 52 71
f 367 71 241
f 368 9 52
f 368 52 260
f 368 260 294
f 368 294 9
f 369 111 9
f 369 9 141
f 369 141 276
f 369 276 111
f 370 294 9
f 370 9 280
f 370 280 202
f 370 202 294
f 371 313 10
f 371 10 260
f 371 260 52
f 371 52 313
f 372 10 156
f 372 156 210
f 372 210 260
f 372 260 10
f 373 37 11
f 373 11 118
f 373 118 262
f 373 262 37
f 374 11 37
f 374 37 229
f 374 229 303
f 374 303 11
f 375 11 118
f 375 118 175
f 375 175 191
f 375 191 11
f 376 253 303
f 376 303 11
f 376 11 191
f 376 191 221
f 376 221 253
f 377 24 274
f 377 274 12
f 377 12 174
f 377 174 118
f 377 118 175
f 377 175 24
f 378 12 148
f 378 148 240
f 378 240 274
f 378 274 12
f 379 21 280
f 379 280 14
f 379 14 46
f 379 46 69
f 379 69 21
f 380 307 15
f 380 15 181
f 380 181 26
f 380 26 307
f 381 310 15
f 381 15 181
f 381 181 87
f 381 87 310
f 382 330 16
f 382 16 309
f 382 309 78
f 382 78 330
f 383 162 309
f 383 309 16
f 383 16 246
f 383 246 162
f 384 289 17
f 384 17 152
f 384 152 126
f 384 126 289
f 385 152 17
f 385 17 313
f 385 313 315
f 385 315 152
f 386 18 24
f 386 24 175
f 386 175 227
f 386 227 18
f 387 255 58
f 387 58 18
f 387 18 227
f 387 227 262
f 387 262 255
f 388 26 19
f 388 19 300
f 388 300 307
f 388 307 26
f 389 87 19
f 389 19 300
f 389 300 310
f 389 310 87
f 390 110 256
f 390 256 20
f 390 20 236
f 390 236 110
f 391 257 20
f 391 20 256
f 391 256 234
f 391 234 257
f 392 21 111
f 392 111 129
f 392 129 279
f 392 279 21
f 393 104 43
f 393 43 22
f 393 22 55
f 393 55 104
f 394 22 55
f 394 55 248
f 394 248 327
f 394 327 22
f 395 179 23
f 395 23 185
f 395 185 230
f 395 230 179
f 396 192 278
f 396 278 24
f 396 24 164
f 396 164 67
f 396 67 206
f 396 206 192
f 397 160 170
f 397 170 24
f 397 24 164
f 397 164 160
f 398 24 170
f 398 170 228
f 398 228 274
f 398 274 24
f 399 80 205
f 399 205 27
f 399 27 120
f 399 120 80
f 400 120 27
f 400 27 150
f 400 150 187
f 400 187 120
f 401 152 126
f 401 126 28
f 401 28 45
f 401 45 69
f 401 69 152
f 402 28 45
f 402 45 165
f 402 165 215
f 402 215 28
f 403 288 75
f 403 75 29
f 403 29 95
f 403 95 288
f 404 29 95
f 404 95 99
f 404 99 143
f 404 143 29
f 405 316 115
f 405 115 30
f 405 30 237
f 405 237 155
f 405 155 316
f 406 218 30
f 406 30 237
f 406 237 295
f 406 295 218
f 407 211 220
f 407 220 32
f 407 32 36
f 407 36 159
f 407 159 211
f 408 235 32
f 408 32 146
f 408 146 74
f 408 74 235
f 409 133 261
f 409 261 32
f 409 32 220
f 409 220 133
f 410 216 261
f 410 261 32
f 410 32 146
f 410 146 198
f 410 198 216
f 411 33 140
f 411 140 153
f 411 153 278
f 411 278 33
f 412 37 96
f 412 96 227
f 412 227 262
f 412 262 37
f 413 273 96
f 413 96 37
f 413 37 229
f 413 229 247
f 413 247 273
f 414 276 188
f 414 188 39
f 414 39 79
f 414 79 111
f 414 111 276
f 415 79 39
f 415 39 275
f 415 275 315
f 415 315 79
f 416 41 103
f 416 103 173
f 416 173 326
f 416 326 41
f 417 41 103
f 417 103 184
f 417 184 244
f 417 244 41
f 418 316 115
f 418 115 43
f 418 43 217
f 418 217 316
f 419 50 302
f 419 302 44
f 419 44 202
f 419 202 294
f 419 294 50
f 420 44 54
f 420 54 112
f 420 112 302
f 420 302 44
f 421 44 54
f 421 54 156
f 421 156 202
f 421 202 44
f 422 161 45
f 422 45 69
f 422 69 46
f 422 46 161
f 423 55 48
f 423 48 86
f 423 86 104
f 423 104 55
f 424 48 55
f 424 55 248
f 424 248 254
f 424 254 48
f 425 64 48
f 425 48 86
f 425 86 136
f 425 136 64
f 426 48 64
f 426 64 250
f 426 250 314
f 426 314 48
f 427 204 314
f 427 314 48
f 427 48 254
f 427 254 204
f 428 49 199
f 428 199 245
f 428 245 296
f 428 296 49
f 429 302 50
f 429 50 214
f 429 214 192
f 429 192 302
f 430 288 51
f 430 51 269
f 430 269 75
f 430 75 288
f 431 295 218
f 431 218 51
f 431 51 269
f 431 269 295
f 432 122 53
f 432 53 250
f 432 250 314
f 432 314 122
f 433 56 142
f 433 142 155
f 433 155 316
f 433 316 56
f 434 319 56
f 434 56 316
f 434 316 217
f 434 217 319
f 435 194 60
f 435 60 112
f 435 112 66
f 435 66 194
f 436 119 61
f 436 61 125
f 436 125 137
f 436 137 119
f 437 61 192
f 437 192 206
f 437 206 305
f 437 305 61
f 438 297 68
f 438 68 63
f 438 63 178
f 438 178 297
f 439 110 63
f 439 63 178
f 439 178 182
f 439 182 110
f 440 65 90
f 440 90 263
f 440 263 283
f 440 283 65
f 441 66 119
f 441 119 137
f 441 137 194
f 441 194 66
f 442 67 98
f 442 98 148
f 442 148 164
f 442 164 67
f 443 305 98
f 443 98 67
f 443 67 206
f 443 206 305
f 444 70 101
f 444 101 132
f 444 132 321
f 444 321 70
f 445 101 70
f 445 70 204
f 445 204 314
f 445 314 101
f 446 70 204
f 446 204 285
f 446 285 321
f 446 321 70
f 447 72 131
f 447 131 159
f 447 159 211
f 447 211 72
f 448 207 72
f 448 72 211
f 448 211 239
f 448 239 207
f 449 233 235
f 449 235 74
f 449 74 173
f 449 173 103
f 449 103 233
f 450 120 187
f 450 187 154
f 450 154 74
f 450 74 146
f 450 146 198
f 450 198 120
f 451 154 74
f 451 74 173
f 451 173 326
f 451 326 154
f 452 84 76
f 452 76 189
f 452 189 222
f 452 222 84
f 453 77 92
f 453 92 193
f 453 193 208
f 453 208 77
f 454 208 77
f 454 77 203
f 454 203 113
f 454 113 208
f 455 78 97
f 455 97 121
f 455 121 330
f 455 330 78
f 456 78 97
f 456 97 245
f 456 245 296
f 456 296 78
f 457 106 309
f 457 309 78
f 457 78 129
f 457 129 279
f 457 279 106
f 458 79 111
f 458 111 129
f 458 129 163
f 458 163 79
f 459 79 163
f 459 163 306
f 459 306 315
f 459 315 79
f 460 105 80
f 460 80 120
f 460 120 198
f 460 198 105
f 461 214 83
f 461 83 82
f 461 82 153
f 461 153 278
f 461 278 192
f 461 192 214
f 462 83 82
f 462 82 169
f 462 169 322
f 462 322 83
f 463 259 85
f 463 85 84
f 463 84 170
f 463 170 228
f 463 228 259
f 464 271 222
f 464 222 84
f 464 84 90
f 464 90 263
f 464 263 89
f 464 89 264
f 464 264 271
f 465 84 90
f 465 90 160
f 465 160 170
f 465 170 84
f 466 85 117
f 466 117 291
f 466 291 308
f 466 308 85
f 467 195 267
f 467 267 88
f 467 88 224
f 467 224 195
f 468 225 88
f 468 88 267
f 468 267 301
f 468 301 225
f 469 283 109
f 469 109 89
f 469 89 263
f 469 263 283
f 470 117 91
f 470 91 219
f 470 219 291
f 470 291 117
f 471 91 167
f 471 167 213
f 471 213 219
f 471 219 91
f 472 314 101
f 472 101 93
f 472 93 122
f 472 122 314
f 473 93 101
f 473 101 132
f 473 132 135
f 473 135 93
f 474 94 162
f 474 162 165
f 474 165 201
f 474 201 94
f 475 94 162
f 475 162 246
f 475 246 323
f 475 323 94
f 476 175 227
f 476 227 96
f 476 96 191
f 476 191 175
f 477 96 191
f 477 191 221
f 477 221 273
f 477 273 96
f 478 99 158
f 478 158 97
f 478 97 245
f 478 245 143
f 478 143 99
f 479 97 121
f 479 121 135
f 479 135 158
f 479 158 97
f 480 267 184
f 480 184 103
f 480 103 233
f 480 233 267
f 481 105 198
f 481 198 216
f 481 216 284
f 481 284 105
f 482 309 106
f 482 106 165
f 482 165 162
f 482 162 309
f 483 165 106
f 483 106 200
f 483 200 215
f 483 215 165
f 484 107 184
f 484 184 244
f 484 244 324
f 484 324 107
f 485 107 184
f 485 184 267
f 485 267 301
f 485 301 107
f 486 163 108
f 486 108 290
f 486 290 306
f 486 306 163
f 487 128 236
f 487 236 110
f 487 110 232
f 487 232 128
f 488 110 182
f 488 182 234
f 488 234 256
f 488 256 110
f 489 171 113
f 489 113 203
f 489 203 223
f 489 223 171
f 490 118 174
f 490 174 255
f 490 255 262
f 490 262 118
f 491 124 197
f 491 197 221
f 491 221 253
f 491 253 124
f 492 138 127
f 492 127 228
f 492 228 259
f 492 259 138
f 493 228 127
f 493 127 240
f 493 240 274
f 493 274 228
f 494 131 133
f 494 133 261
f 494 261 266
f 494 266 131
f 495 271 220
f 495 220 133
f 495 133 264
f 495 264 271
f 496 142 190
f 496 190 134
f 496 134 155
f 496 155 142
f 497 273 153
f 497 153 140
f 497 140 247
f 497 247 273
f 498 182 178
f 498 178 297
f 498 297 304
f 498 304 182
f 499 182 234
f 499 234 257
f 499 257 304
f 499 304 182
f 500 207 282
f 500 282 186
f 500 186 239
f 500 239 207
f 501 222 291
f 501 291 308
f 501 308 186
f 501 186 239
f 501 239 271
f 501 271 222
f 502 219 189
f 502 189 222
f 502 222 291
f 502 291 219
f 503 233 270
f 503 270 195
f 503 195 267
f 503 267 233
f 504 285 204
f 504 204 254
f 504 254 212
f 504 212 285
f 505 220 211
f 505 211 239
f 505 239 271
f 505 271 220
f 506 327 212
f 506 212 254
f 506 254 248
f 506 248 327
f 507 287 265
f 507 265 293
f 507 293 311
f 507 311 287
f 508 318 324
f 508 324 335
f 508 335 348
f 508 348 318
f 509 318 324
f 509 324 336
f 509 336 344
f 509 344 318
f 510 318 344
f 510 344 346
f 510 346 348
f 510 348 318
f 511 341 322
f 511 322 319
f 511 319 332
f 511 332 341
f 512 338 327
f 512 327 319
f 512 319 332
f 512 332 338
f 513 340 323
f 513 323 320
f 513 320 339
f 513 339 340
f 514 347 326
f 514 326 320
f 514 320 339
f 514 339 347
f 515 333 330
f 515 330 321
f 515 321 331
f 515 331 333
f 516 331 321
f 516 321 337
f 516 337 345
f 516 345 331
f 517 344 336
f 517 336 322
f 517 322 341
f 517 341 344
f 518 323 330
f 518 330 333
f 518 333 340
f 518 340 323
f 519 335 326
f 519 326 347
f 519 347 348
f 519 348 335
f 520 337 327
f 520 327 338
f 520 338 345
f 520 345 337
f 521 331 333
f 521 333 342
f 521 342 345
f 521 345 331
f 522 345 338
f 522 338 332
f 522 332 342
f 522 342 345
f 523 339 346
f 523 346 332
f 523 332 342
f 523 342 339
f 524 332 341
f 524 341 344
f 524 344 346
f 524 346 332
f 525 342 333
f 525 333 340
f 525 340 339
f 525 339 342
f 526 346 339
f 526 339 347
f 526 347 348
f 526 348 346
